# lambda =           2.0000000000000001E-01
# m =           1.0000000000000000E+00
# t_perp =           2.0000000000000001E-01
          0.0000000000000000E+00          0.0000000000000000E+00          0.0000000000000000E+00         -3.1862663012531547E+00         -2.7871561994672041E+00          2.7871561994672041E+00          3.1862663012531551E+00
          3.1415926535897934E-02          3.1415926535897934E-02          0.0000000000000000E+00         -3.1859833720382427E+00         -2.7867855579997416E+00          2.7867855579997425E+00          3.1859833720382427E+00
          6.2831853071795868E-02          6.2831853071795868E-02          0.0000000000000000E+00         -3.1851345778802949E+00         -2.7856738580439750E+00          2.7856738580439750E+00          3.1851345778802940E+00
          9.4247779607693788E-02          9.4247779607693788E-02          0.0000000000000000E+00         -3.1837199000574135E+00         -2.7838217722041709E+00          2.7838217722041700E+00          3.1837199000574130E+00
          1.2566370614359174E-01          1.2566370614359174E-01          0.0000000000000000E+00         -3.1817393100781342E+00         -2.7812304190501091E+00          2.7812304190501096E+00          3.1817393100781350E+00
          1.5707963267948966E-01          1.5707963267948966E-01          0.0000000000000000E+00         -3.1791927737003207E+00         -2.7779013595118589E+00          2.7779013595118589E+00          3.1791927737003198E+00
          1.8849555921538758E-01          1.8849555921538758E-01          0.0000000000000000E+00         -3.1760802564619142E+00         -2.7738365919323362E+00          2.7738365919323358E+00          3.1760802564619137E+00
          2.1991148575128555E-01          2.1991148575128555E-01          0.0000000000000000E+00         -3.1724017306316665E+00         -2.7690385458738040E+00          2.7690385458738049E+00          3.1724017306316683E+00
          2.5132741228718347E-01          2.5132741228718347E-01          0.0000000000000000E+00         -3.1681571834668616E+00         -2.7635100747967676E+00          2.7635100747967680E+00          3.1681571834668620E+00
          2.8274333882308139E-01          2.8274333882308139E-01          0.0000000000000000E+00         -3.1633466266475532E+00         -2.7572544477485534E+00          2.7572544477485534E+00          3.1633466266475536E+00
          3.1415926535897931E-01          3.1415926535897931E-01          0.0000000000000000E+00         -3.1579701067432255E+00         -2.7502753402138160E+00          2.7502753402138151E+00          3.1579701067432269E+00
          3.4557519189487723E-01          3.4557519189487723E-01          0.0000000000000000E+00         -3.1520277165584143E+00         -2.7425768242899551E+00          2.7425768242899555E+00          3.1520277165584139E+00
          3.7699111843077515E-01          3.7699111843077515E-01          0.0000000000000000E+00         -3.1455196071986764E+00         -2.7341633583571263E+00          2.7341633583571268E+00          3.1455196071986768E+00
          4.0840704496667313E-01          4.0840704496667313E-01          0.0000000000000000E+00         -3.1384460006973103E+00         -2.7250397764149445E+00          2.7250397764149441E+00          3.1384460006973103E+00
          4.3982297150257110E-01          4.3982297150257110E-01          0.0000000000000000E+00         -3.1308072030461109E+00         -2.7152112772568886E+00          2.7152112772568886E+00          3.1308072030461105E+00
          4.7123889803846897E-01          4.7123889803846897E-01          0.0000000000000000E+00         -3.1226036174798146E+00         -2.7046834136486440E+00          2.7046834136486431E+00          3.1226036174798155E+00
          5.0265482457436694E-01          5.0265482457436694E-01          0.0000000000000000E+00         -3.1138357578733449E+00         -2.6934620816691308E+00          2.6934620816691304E+00          3.1138357578733449E+00
          5.3407075111026492E-01          5.3407075111026492E-01          0.0000000000000000E+00         -3.1045042621228065E+00         -2.6815535103630572E+00          2.6815535103630568E+00          3.1045042621228056E+00
          5.6548667764616278E-01          5.6548667764616278E-01          0.0000000000000000E+00         -3.0946099053950742E+00         -2.6689642518421115E+00          2.6689642518421111E+00          3.0946099053950729E+00
          5.9690260418206065E-01          5.9690260418206065E-01          0.0000000000000000E+00         -3.0841536131459413E+00         -2.6557011719590631E+00          2.6557011719590631E+00          3.0841536131459399E+00
          6.2831853071795862E-01          6.2831853071795862E-01          0.0000000000000000E+00         -3.0731364738228191E+00         -2.6417714416655245E+00          2.6417714416655249E+00          3.0731364738228191E+00
          6.5973445725385649E-01          6.5973445725385649E-01          0.0000000000000000E+00         -3.0615597511842929E+00         -2.6271825291504860E+00          2.6271825291504860E+00          3.0615597511842920E+00
          6.9115038378975446E-01          6.9115038378975446E-01          0.0000000000000000E+00         -3.0494248961850179E+00         -2.6119421928434767E+00          2.6119421928434776E+00          3.0494248961850166E+00
          7.2256631032565244E-01          7.2256631032565244E-01          0.0000000000000000E+00         -3.0367335583901571E+00         -2.5960584753536500E+00          2.5960584753536504E+00          3.0367335583901593E+00
          7.5398223686155030E-01          7.5398223686155030E-01          0.0000000000000000E+00         -3.0234875968984802E+00         -2.5795396984045986E+00          2.5795396984045995E+00          3.0234875968984802E+00
          7.8539816339744828E-01          7.8539816339744828E-01          0.0000000000000000E+00         -3.0096890907671932E+00         -2.5623944588145746E+00          2.5623944588145733E+00          3.0096890907671918E+00
          8.1681408993334625E-01          8.1681408993334625E-01          0.0000000000000000E+00         -2.9953403489443091E+00         -2.5446316255630066E+00          2.5446316255630061E+00          2.9953403489443096E+00
          8.4823001646924423E-01          8.4823001646924423E-01          0.0000000000000000E+00         -2.9804439197259809E+00         -2.5262603379772464E+00          2.5262603379772450E+00          2.9804439197259804E+00
          8.7964594300514221E-01          8.7964594300514221E-01          0.0000000000000000E+00         -2.9650025997664406E+00         -2.5072900050679268E+00          2.5072900050679263E+00          2.9650025997664420E+00
          9.1106186954103996E-01          9.1106186954103996E-01          0.0000000000000000E+00         -2.9490194426773475E+00         -2.4877303060377018E+00          2.4877303060377018E+00          2.9490194426773462E+00
          9.4247779607693793E-01          9.4247779607693793E-01          0.0000000000000000E+00         -2.9324977672611801E+00         -2.4675911919859983E+00          2.4675911919859974E+00          2.9324977672611796E+00
          9.7389372261283591E-01          9.7389372261283591E-01          0.0000000000000000E+00         -2.9154411654301922E+00         -2.4468828888320133E+00          2.4468828888320138E+00          2.9154411654301930E+00
          1.0053096491487339E+00          1.0053096491487339E+00          0.0000000000000000E+00         -2.8978535098683342E+00         -2.4256159014793375E+00          2.4256159014793379E+00          2.8978535098683338E+00
          1.0367255756846319E+00          1.0367255756846319E+00          0.0000000000000000E+00         -2.8797389614986000E+00         -2.4038010192481369E+00          2.4038010192481365E+00          2.8797389614986009E+00
          1.0681415022205298E+00          1.0681415022205298E+00          0.0000000000000000E+00         -2.8611019768227419E+00         -2.3814493226049334E+00          2.3814493226049338E+00          2.8611019768227410E+00
          1.0995574287564276E+00          1.0995574287564276E+00          0.0000000000000000E+00         -2.8419473152041266E+00         -2.3585721912253277E+00          2.3585721912253272E+00          2.8419473152041261E+00
          1.1309733552923256E+00          1.1309733552923256E+00          0.0000000000000000E+00         -2.8222800461681135E+00         -2.3351813134315922E+00          2.3351813134315931E+00          2.8222800461681148E+00
          1.1623892818282235E+00          1.1623892818282235E+00          0.0000000000000000E+00         -2.8021055567976711E+00         -2.3112886970549540E+00          2.3112886970549540E+00          2.8021055567976707E+00
          1.1938052083641213E+00          1.1938052083641213E+00          0.0000000000000000E+00         -2.7814295593052090E+00         -2.2869066817811592E+00          2.2869066817811587E+00          2.7814295593052081E+00
          1.2252211349000193E+00          1.2252211349000193E+00          0.0000000000000000E+00         -2.7602580988650458E+00         -2.2620479530480355E+00          2.2620479530480382E+00          2.7602580988650436E+00
          1.2566370614359172E+00          1.2566370614359172E+00          0.0000000000000000E+00         -2.7385975617944940E+00         -2.2367255575747267E+00          2.2367255575747276E+00          2.7385975617944940E+00
          1.2880529879718150E+00          1.2880529879718150E+00          0.0000000000000000E+00         -2.7164546841755746E+00         -2.2109529206142469E+00          2.2109529206142455E+00          2.7164546841755746E+00
          1.3194689145077130E+00          1.3194689145077130E+00          0.0000000000000000E+00         -2.6938365610138559E+00         -2.1847438650340929E+00          2.1847438650340938E+00          2.6938365610138564E+00
          1.3508848410436110E+00          1.3508848410436110E+00          0.0000000000000000E+00         -2.6707506560360921E+00         -2.1581126323434634E+00          2.1581126323434612E+00          2.6707506560360916E+00
          1.3823007675795089E+00          1.3823007675795089E+00          0.0000000000000000E+00         -2.6472048122342282E+00         -2.1310739058003918E+00          2.1310739058003927E+00          2.6472048122342273E+00
          1.4137166941154069E+00          1.4137166941154069E+00          0.0000000000000000E+00         -2.6232072632702543E+00         -2.1036428357478889E+00          2.1036428357478894E+00          2.6232072632702530E+00
          1.4451326206513049E+00          1.4451326206513049E+00          0.0000000000000000E+00         -2.5987666458643028E+00         -2.0758350673443124E+00          2.0758350673443116E+00          2.5987666458643015E+00
          1.4765485471872026E+00          1.4765485471872026E+00          0.0000000000000000E+00         -2.5738920132975678E+00         -2.0476667708704208E+00          2.0476667708704217E+00          2.5738920132975669E+00
          1.5079644737231006E+00          1.5079644737231006E+00          0.0000000000000000E+00         -2.5485928501721968E+00         -2.0191546748129290E+00          2.0191546748129290E+00          2.5485928501721973E+00
          1.5393804002589986E+00          1.5393804002589986E+00          0.0000000000000000E+00         -2.5228790885824801E+00         -1.9903161019421036E+00          1.9903161019421036E+00          2.5228790885824806E+00
          1.5707963267948966E+00          1.5707963267948966E+00          0.0000000000000000E+00         -2.4967611258655991E+00         -1.9611690086186739E+00          1.9611690086186728E+00          2.4967611258655991E+00
          1.6022122533307945E+00          1.6022122533307945E+00          0.0000000000000000E+00         -2.4702498441161800E+00         -1.9317320275822973E+00          1.9317320275822967E+00          2.4702498441161795E+00
          1.6336281798666925E+00          1.6336281798666925E+00          0.0000000000000000E+00         -2.4433566316671356E+00         -1.9020245144898862E+00          1.9020245144898860E+00          2.4433566316671365E+00
          1.6650441064025905E+00          1.6650441064025905E+00          0.0000000000000000E+00         -2.4160934067600444E+00         -1.8720665984859455E+00          1.8720665984859455E+00          2.4160934067600448E+00
          1.6964600329384885E+00          1.6964600329384885E+00          0.0000000000000000E+00         -2.3884726436520305E+00         -1.8418792370980028E+00          1.8418792370980028E+00          2.3884726436520292E+00
          1.7278759594743864E+00          1.7278759594743864E+00          0.0000000000000000E+00         -2.3605074014329470E+00         -1.8114842757564980E+00          1.8114842757564977E+00          2.3605074014329470E+00
          1.7592918860102844E+00          1.7592918860102844E+00          0.0000000000000000E+00         -2.3322113558572615E+00         -1.7809045122383833E+00          1.7809045122383838E+00          2.3322113558572624E+00
          1.7907078125461819E+00          1.7907078125461819E+00          0.0000000000000000E+00         -2.3035988345296539E+00         -1.7501637663247362E+00          1.7501637663247347E+00          2.3035988345296539E+00
          1.8221237390820799E+00          1.8221237390820799E+00          0.0000000000000000E+00         -2.2746848558225827E+00         -1.7192869549415903E+00          1.7192869549415906E+00          2.2746848558225814E+00
          1.8535396656179779E+00          1.8535396656179779E+00          0.0000000000000000E+00         -2.2454851719485935E+00         -1.6883001730163134E+00          1.6883001730163132E+00          2.2454851719485935E+00
          1.8849555921538759E+00          1.8849555921538759E+00          0.0000000000000000E+00         -2.2160163166603501E+00         -1.6572307802235533E+00          1.6572307802235529E+00          2.2160163166603497E+00
          1.9163715186897738E+00          1.9163715186897738E+00          0.0000000000000000E+00         -2.1862956581082713E+00         -1.6261074937094477E+00          1.6261074937094480E+00          2.1862956581082726E+00
          1.9477874452256718E+00          1.9477874452256718E+00          0.0000000000000000E+00         -2.1563414574497903E+00         -1.5949604867617353E+00          1.5949604867617351E+00          2.1563414574497899E+00
          1.9792033717615696E+00          1.9792033717615696E+00          0.0000000000000000E+00         -2.1261729338765791E+00         -1.5638214932274990E+00          1.5638214932274985E+00          2.1261729338765796E+00
          2.0106192982974678E+00          2.0106192982974678E+00          0.0000000000000000E+00         -2.0958103368074563E+00         -1.5327239172571880E+00          1.5327239172571889E+00          2.0958103368074563E+00
          2.0420352248333655E+00          2.0420352248333655E+00          0.0000000000000000E+00         -2.0652750260859993E+00         -1.5017029476591210E+00          1.5017029476591208E+00          2.0652750260860002E+00
          2.0734511513692637E+00          2.0734511513692637E+00          0.0000000000000000E+00         -2.0345895611240419E+00         -1.4707956757655272E+00          1.4707956757655267E+00          2.0345895611240423E+00
          2.1048670779051615E+00          2.1048670779051615E+00          0.0000000000000000E+00         -2.0037778000460240E+00         -1.4400412152196542E+00          1.4400412152196538E+00          2.0037778000460245E+00
          2.1362830044410597E+00          2.1362830044410597E+00          0.0000000000000000E+00         -1.9728650100151421E+00         -1.4094808214701990E+00          1.4094808214701977E+00          1.9728650100151421E+00
          2.1676989309769570E+00          2.1676989309769570E+00          0.0000000000000000E+00         -1.9418779900607381E+00         -1.3791580079794354E+00          1.3791580079794350E+00          1.9418779900607386E+00
          2.1991148575128552E+00          2.1991148575128552E+00          0.0000000000000000E+00         -1.9108452078768763E+00         -1.3491186551876364E+00          1.3491186551876371E+00          1.9108452078768752E+00
          2.2305307840487529E+00          2.2305307840487529E+00          0.0000000000000000E+00         -1.8797969522233300E+00         -1.3194111071021166E+00          1.3194111071021168E+00          1.8797969522233293E+00
          2.2619467105846511E+00          2.2619467105846511E+00          0.0000000000000000E+00         -1.8487655027292222E+00         -1.2900862489706240E+00          1.2900862489706237E+00          1.8487655027292220E+00
          2.2933626371205489E+00          2.2933626371205489E+00          0.0000000000000000E+00         -1.8177853190711919E+00         -1.2611975578396784E+00          1.2611975578396781E+00          1.8177853190711921E+00
          2.3247785636564471E+00          2.3247785636564471E+00          0.0000000000000000E+00         -1.7868932516632885E+00         -1.2328011158864802E+00          1.2328011158864807E+00          1.7868932516632885E+00
          2.3561944901923448E+00          2.3561944901923448E+00          0.0000000000000000E+00         -1.7561287761408215E+00         -1.2049555742696323E+00          1.2049555742696323E+00          1.7561287761408215E+00
          2.3876104167282426E+00          2.3876104167282426E+00          0.0000000000000000E+00         -1.7255342540232350E+00         -1.1777220529260035E+00          1.1777220529260037E+00          1.7255342540232348E+00
          2.4190263432641408E+00          2.4190263432641408E+00          0.0000000000000000E+00         -1.6951552219684751E+00         -1.1511639593578955E+00          1.1511639593578959E+00          1.6951552219684747E+00
          2.4504422698000385E+00          2.4504422698000385E+00          0.0000000000000000E+00         -1.6650407119335102E+00         -1.1253467071862546E+00          1.1253467071862544E+00          1.6650407119335107E+00
          2.4818581963359367E+00          2.4818581963359367E+00          0.0000000000000000E+00         -1.6352436042591130E+00         -1.1003373133655385E+00          1.1003373133655383E+00          1.6352436042591127E+00
          2.5132741228718345E+00          2.5132741228718345E+00          0.0000000000000000E+00         -1.6058210150944632E+00         -1.0762038518520989E+00          1.0762038518520987E+00          1.6058210150944638E+00
          2.5446900494077327E+00          2.5446900494077327E+00          0.0000000000000000E+00         -1.5768347185139882E+00         -1.0530147417121012E+00          1.0530147417121010E+00          1.5768347185139884E+00
          2.5761059759436300E+00          2.5761059759436300E+00          0.0000000000000000E+00         -1.5483516019357855E+00         -1.0308378498107504E+00          1.0308378498107502E+00          1.5483516019357864E+00
          2.6075219024795282E+00          2.6075219024795282E+00          0.0000000000000000E+00         -1.5204441507220023E+00         -1.0097393931387153E+00          1.0097393931387149E+00          1.5204441507220023E+00
          2.6389378290154260E+00          2.6389378290154260E+00          0.0000000000000000E+00         -1.4931909537099577E+00         -9.8978263439942926E-01          9.8978263439942948E-01          1.4931909537099572E+00
          2.6703537555513241E+00          2.6703537555513241E+00          0.0000000000000000E+00         -1.4666772153393901E+00         -9.7102637762327859E-01          9.7102637762327881E-01          1.4666772153393905E+00
          2.7017696820872219E+00          2.7017696820872219E+00          0.0000000000000000E+00         -1.4409952513159954E+00         -9.5352328912112005E-01          9.5352328912111972E-01          1.4409952513159954E+00
          2.7331856086231201E+00          2.7331856086231201E+00          0.0000000000000000E+00         -1.4162449325816298E+00         -9.3731809360552887E-01          9.3731809360552876E-01          1.4162449325816300E+00
          2.7646015351590179E+00          2.7646015351590179E+00          0.0000000000000000E+00         -1.3925340259363699E+00         -9.2244572585893259E-01          9.2244572585893270E-01          1.3925340259363699E+00
          2.7960174616949161E+00          2.7960174616949161E+00          0.0000000000000000E+00         -1.3699783584028586E+00         -9.0892955415861454E-01          9.0892955415861509E-01          1.3699783584028593E+00
          2.8274333882308138E+00          2.8274333882308138E+00          0.0000000000000000E+00         -1.3487017064779208E+00         -8.9677983076756995E-01          8.9677983076756973E-01          1.3487017064779219E+00
          2.8588493147667120E+00          2.8588493147667120E+00          0.0000000000000000E+00         -1.3288352824319092E+00         -8.8599256329411213E-01          8.8599256329411236E-01          1.3288352824319098E+00
          2.8902652413026098E+00          2.8902652413026098E+00          0.0000000000000000E+00         -1.3105166621202062E+00         -8.7654903208514179E-01          8.7654903208514179E-01          1.3105166621202060E+00
          2.9216811678385080E+00          2.9216811678385080E+00          0.0000000000000000E+00         -1.2938879807277079E+00         -8.6841619300808992E-01          8.6841619300808948E-01          1.2938879807277079E+00
          2.9530970943744053E+00          2.9530970943744053E+00          0.0000000000000000E+00         -1.2790932278465745E+00         -8.6154818800056121E-01          8.6154818800056121E-01          1.2790932278465745E+00
          2.9845130209103035E+00          2.9845130209103035E+00          0.0000000000000000E+00         -1.2662745189992752E+00         -8.5588912074344281E-01          8.5588912074344303E-01          1.2662745189992757E+00
          3.0159289474462012E+00          3.0159289474462012E+00          0.0000000000000000E+00         -1.2555673250730599E+00         -8.5137712622712269E-01          8.5137712622712258E-01          1.2555673250730601E+00
          3.0473448739820994E+00          3.0473448739820994E+00          0.0000000000000000E+00         -1.2470948131106991E+00         -8.4794956553608736E-01          8.4794956553608725E-01          1.2470948131106991E+00
          3.0787608005179972E+00          3.0787608005179972E+00          0.0000000000000000E+00         -1.2409616783724613E+00         -8.4554892833751094E-01          8.4554892833751105E-01          1.2409616783724613E+00
          3.1101767270538954E+00          3.1101767270538954E+00          0.0000000000000000E+00         -1.2372480820277840E+00         -8.4412877592134417E-01          8.4412877592134417E-01          1.2372480820277845E+00
          3.1415926535897931E+00          3.1415926535897931E+00          0.0000000000000000E+00         -1.2360044730900197E+00         -8.4365888827862789E-01          8.4365888827862767E-01          1.2360044730900195E+00
          3.1730085801256909E+00          3.1415926535897931E+00          3.1415926535897934E-02         -1.2359949547291242E+00         -8.4364951573035296E-01          8.4364951573035307E-01          1.2359949547291242E+00
          3.2044245066615886E+00          3.1415926535897931E+00          6.2831853071795868E-02         -1.2359664085118660E+00         -8.4362140684032749E-01          8.4362140684032727E-01          1.2359664085118660E+00
          3.2358404331974864E+00          3.1415926535897931E+00          9.4247779607693788E-02         -1.2359188610277212E+00         -8.4357458786613448E-01          8.4357458786613415E-01          1.2359188610277210E+00
          3.2672563597333841E+00          3.1415926535897931E+00          1.2566370614359174E-01         -1.2358523565697741E+00         -8.4350910254769451E-01          8.4350910254769407E-01          1.2358523565697743E+00
          3.2986722862692819E+00          3.1415926535897931E+00          1.5707963267948966E-01         -1.2357669571006626E+00         -8.4342501207319398E-01          8.4342501207319398E-01          1.2357669571006626E+00
          3.3300882128051796E+00          3.1415926535897931E+00          1.8849555921538758E-01         -1.2356627422048958E+00         -8.4332239503138728E-01          8.4332239503138773E-01          1.2356627422048960E+00
          3.3615041393410774E+00          3.1415926535897931E+00          2.1991148575128555E-01         -1.2355398090275547E+00         -8.4320134735027630E-01          8.4320134735027674E-01          1.2355398090275547E+00
          3.3929200658769751E+00          3.1415926535897931E+00          2.5132741228718347E-01         -1.2353982721993790E+00         -8.4306198222217854E-01          8.4306198222217854E-01          1.2353982721993790E+00
          3.4243359924128729E+00          3.1415926535897931E+00          2.8274333882308139E-01         -1.2352382637482395E+00         -8.4290443001518389E-01          8.4290443001518411E-01          1.2352382637482398E+00
          3.4557519189487707E+00          3.1415926535897931E+00          3.1415926535897931E-01         -1.2350599329970029E+00         -8.4272883817101596E-01          8.4272883817101585E-01          1.2350599329970029E+00
          3.4871678454846684E+00          3.1415926535897931E+00          3.4557519189487723E-01         -1.2348634464477977E+00         -8.4253537108930188E-01          8.4253537108930177E-01          1.2348634464477974E+00
          3.5185837720205662E+00          3.1415926535897931E+00          3.7699111843077515E-01         -1.2346489876526885E+00         -8.4232420999827262E-01          8.4232420999827307E-01          1.2346489876526885E+00
          3.5499996985564639E+00          3.1415926535897931E+00          4.0840704496667313E-01         -1.2344167570707656E+00         -8.4209555281189763E-01          8.4209555281189796E-01          1.2344167570707660E+00
          3.5814156250923617E+00          3.1415926535897931E+00          4.3982297150257110E-01         -1.2341669719116659E+00         -8.4184961397348357E-01          8.4184961397348357E-01          1.2341669719116661E+00
          3.6128315516282594E+00          3.1415926535897931E+00          4.7123889803846897E-01         -1.2338998659655369E+00         -8.4158662428574837E-01          8.4158662428574860E-01          1.2338998659655371E+00
          3.6442474781641572E+00          3.1415926535897931E+00          5.0265482457436694E-01         -1.2336156894194636E+00         -8.4130683072740642E-01          8.4130683072740609E-01          1.2336156894194632E+00
          3.6756634047000549E+00          3.1415926535897931E+00          5.3407075111026492E-01         -1.2333147086603742E+00         -8.4101049625627711E-01          8.4101049625627700E-01          1.2333147086603746E+00
          3.7070793312359527E+00          3.1415926535897931E+00          5.6548667764616278E-01         -1.2329972060644576E+00         -8.4069789959896790E-01          8.4069789959896790E-01          1.2329972060644576E+00
          3.7384952577718504E+00          3.1415926535897931E+00          5.9690260418206065E-01         -1.2326634797731080E+00         -8.4036933502715261E-01          8.4036933502715283E-01          1.2326634797731084E+00
          3.7699111843077482E+00          3.1415926535897931E+00          6.2831853071795862E-01         -1.2323138434554428E+00         -8.4002511212049569E-01          8.4002511212049569E-01          1.2323138434554424E+00
          3.8013271108436459E+00          3.1415926535897931E+00          6.5973445725385649E-01         -1.2319486260574202E+00         -8.3966555551626765E-01          8.3966555551626776E-01          1.2319486260574204E+00
          3.8327430373795437E+00          3.1415926535897931E+00          6.9115038378975446E-01         -1.2315681715376101E+00         -8.3929100464570416E-01          8.3929100464570394E-01          1.2315681715376106E+00
          3.8641589639154414E+00          3.1415926535897931E+00          7.2256631032565244E-01         -1.2311728385896574E+00         -8.3890181345716885E-01          8.3890181345716863E-01          1.2311728385896576E+00
          3.8955748904513392E+00          3.1415926535897931E+00          7.5398223686155030E-01         -1.2307630003514991E+00         -8.3849835012618612E-01          8.3849835012618612E-01          1.2307630003514993E+00
          3.9269908169872370E+00          3.1415926535897931E+00          7.8539816339744828E-01         -1.2303390441014010E+00         -8.3808099675242309E-01          8.3808099675242298E-01          1.2303390441014006E+00
          3.9584067435231347E+00          3.1415926535897931E+00          8.1681408993334625E-01         -1.2299013709408779E+00         -8.3765014904368906E-01          8.3765014904368906E-01          1.2299013709408781E+00
          3.9898226700590325E+00          3.1415926535897931E+00          8.4823001646924423E-01         -1.2294503954645852E+00         -8.3720621598706491E-01          8.3720621598706457E-01          1.2294503954645846E+00
          4.0212385965949302E+00          3.1415926535897931E+00          8.7964594300514221E-01         -1.2289865454172570E+00         -8.3674961950724192E-01          8.3674961950724192E-01          1.2289865454172568E+00
          4.0526545231308280E+00          3.1415926535897931E+00          9.1106186954103996E-01         -1.2285102613378087E+00         -8.3628079411219469E-01          8.3628079411219514E-01          1.2285102613378096E+00
          4.0840704496667257E+00          3.1415926535897931E+00          9.4247779607693793E-01         -1.2280219961906966E+00         -8.3580018652630383E-01          8.3580018652630406E-01          1.2280219961906966E+00
          4.1154863762026235E+00          3.1415926535897931E+00          9.7389372261283591E-01         -1.2275222149846503E+00         -8.3530825531105601E-01          8.3530825531105624E-01          1.2275222149846508E+00
          4.1469023027385212E+00          3.1415926535897931E+00          1.0053096491487339E+00         -1.2270113943789402E+00         -8.3480547047347908E-01          8.3480547047347897E-01          1.2270113943789402E+00
          4.1783182292744190E+00          3.1415926535897931E+00          1.0367255756846319E+00         -1.2264900222772779E+00         -8.3429231306244944E-01          8.3429231306244944E-01          1.2264900222772781E+00
          4.2097341558103167E+00          3.1415926535897931E+00          1.0681415022205298E+00         -1.2259585974095513E+00         -8.3376927475306351E-01          8.3376927475306362E-01          1.2259585974095510E+00
          4.2411500823462145E+00          3.1415926535897931E+00          1.0995574287564276E+00         -1.2254176289015313E+00         -8.3323685741923348E-01          8.3323685741923370E-01          1.2254176289015311E+00
          4.2725660088821122E+00          3.1415926535897931E+00          1.1309733552923256E+00         -1.2248676358327588E+00         -8.3269557269472616E-01          8.3269557269472583E-01          1.2248676358327582E+00
          4.3039819354180100E+00          3.1415926535897931E+00          1.1623892818282235E+00         -1.2243091467827993E+00         -8.3214594152284405E-01          8.3214594152284416E-01          1.2243091467827993E+00
          4.3353978619539077E+00          3.1415926535897931E+00          1.1938052083641213E+00         -1.2237426993660925E+00         -8.3158849369498533E-01          8.3158849369498489E-01          1.2237426993660923E+00
          4.3668137884898055E+00          3.1415926535897931E+00          1.2252211349000193E+00         -1.2231688397556135E+00         -8.3102376737831885E-01          8.3102376737831951E-01          1.2231688397556140E+00
          4.3982297150257033E+00          3.1415926535897931E+00          1.2566370614359172E+00         -1.2225881221956243E+00         -8.3045230863285291E-01          8.3045230863285358E-01          1.2225881221956243E+00
          4.4296456415616010E+00          3.1415926535897931E+00          1.2880529879718150E+00         -1.2220011085037514E+00         -8.2987467091815204E-01          8.2987467091815215E-01          1.2220011085037510E+00
          4.4610615680974988E+00          3.1415926535897931E+00          1.3194689145077130E+00         -1.2214083675627054E+00         -8.2929141459002431E-01          8.2929141459002487E-01          1.2214083675627054E+00
          4.4924774946333965E+00          3.1415926535897931E+00          1.3508848410436110E+00         -1.2208104748019322E+00         -8.2870310638748335E-01          8.2870310638748323E-01          1.2208104748019324E+00
          4.5238934211692943E+00          3.1415926535897931E+00          1.3823007675795089E+00         -1.2202080116695255E+00         -8.2811031891031128E-01          8.2811031891031139E-01          1.2202080116695253E+00
          4.5553093477051920E+00          3.1415926535897931E+00          1.4137166941154069E+00         -1.2196015650947549E+00         -8.2751363008760381E-01          8.2751363008760426E-01          1.2196015650947551E+00
          4.5867252742410898E+00          3.1415926535897931E+00          1.4451326206513049E+00         -1.2189917269415607E+00         -8.2691362263763812E-01          8.2691362263763857E-01          1.2189917269415611E+00
          4.6181412007769875E+00          3.1415926535897931E+00          1.4765485471872026E+00         -1.2183790934534233E+00         -8.2631088351948645E-01          8.2631088351948656E-01          1.2183790934534238E+00
          4.6495571273128853E+00          3.1415926535897931E+00          1.5079644737231006E+00         -1.2177642646900004E+00         -8.2570600337677114E-01          8.2570600337677036E-01          1.2177642646900000E+00
          4.6809730538487830E+00          3.1415926535897931E+00          1.5393804002589986E+00         -1.2171478439559711E+00         -8.2509957597401073E-01          8.2509957597401040E-01          1.2171478439559711E+00
          4.7123889803846808E+00          3.1415926535897931E+00          1.5707963267948966E+00         -1.2165304372225418E+00         -8.2449219762600678E-01          8.2449219762600745E-01          1.2165304372225425E+00
          4.7438049069205785E+00          3.1415926535897931E+00          1.6022122533307945E+00         -1.2159126525420925E+00         -8.2388446662075265E-01          8.2388446662075232E-01          1.2159126525420925E+00
          4.7752208334564763E+00          3.1415926535897931E+00          1.6336281798666925E+00         -1.2152950994564398E+00         -8.2327698263635085E-01          8.2327698263635107E-01          1.2152950994564395E+00
          4.8066367599923741E+00          3.1415926535897931E+00          1.6650441064025905E+00         -1.2146783883992796E+00         -8.2267034615248902E-01          8.2267034615248846E-01          1.2146783883992791E+00
          4.8380526865282718E+00          3.1415926535897931E+00          1.6964600329384885E+00         -1.2140631300933118E+00         -8.2206515785698153E-01          8.2206515785698220E-01          1.2140631300933122E+00
          4.8694686130641696E+00          3.1415926535897931E+00          1.7278759594743864E+00         -1.2134499349426380E+00         -8.2146201804796537E-01          8.2146201804796515E-01          1.2134499349426378E+00
          4.9008845396000673E+00          3.1415926535897931E+00          1.7592918860102844E+00         -1.2128394124210056E+00         -8.2086152603231566E-01          8.2086152603231588E-01          1.2128394124210051E+00
          4.9323004661359651E+00          3.1415926535897931E+00          1.7907078125461819E+00         -1.2122321704565273E+00         -8.2026427952090053E-01          8.2026427952090042E-01          1.2122321704565273E+00
          4.9637163926718628E+00          3.1415926535897931E+00          1.8221237390820799E+00         -1.2116288148134859E+00         -8.1967087402128525E-01          8.1967087402128536E-01          1.2116288148134859E+00
          4.9951323192077606E+00          3.1415926535897931E+00          1.8535396656179779E+00         -1.2110299484718943E+00         -8.1908190222853772E-01          8.1908190222853838E-01          1.2110299484718945E+00
          5.0265482457436583E+00          3.1415926535897931E+00          1.8849555921538759E+00         -1.2104361710054765E+00         -8.1849795341479481E-01          8.1849795341479481E-01          1.2104361710054770E+00
          5.0579641722795561E+00          3.1415926535897931E+00          1.9163715186897738E+00         -1.2098480779587681E+00         -8.1791961281827164E-01          8.1791961281827064E-01          1.2098480779587679E+00
          5.0893800988154538E+00          3.1415926535897931E+00          1.9477874452256718E+00         -1.2092662602240423E+00         -8.1734746103240641E-01          8.1734746103240652E-01          1.2092662602240425E+00
          5.1207960253513516E+00          3.1415926535897931E+00          1.9792033717615696E+00         -1.2086913034188040E+00         -8.1678207339586695E-01          8.1678207339586695E-01          1.2086913034188047E+00
          5.1522119518872493E+00          3.1415926535897931E+00          2.0106192982974678E+00         -1.2081237872645920E+00         -8.1622401938413736E-01          8.1622401938413747E-01          1.2081237872645927E+00
          5.1836278784231471E+00          3.1415926535897931E+00          2.0420352248333655E+00         -1.2075642849678578E+00         -8.1567386200343839E-01          8.1567386200343917E-01          1.2075642849678578E+00
          5.2150438049590448E+00          3.1415926535897931E+00          2.0734511513692637E+00         -1.2070133626037001E+00         -8.1513215718773646E-01          8.1513215718773624E-01          1.2070133626037005E+00
          5.2464597314949426E+00          3.1415926535897931E+00          2.1048670779051615E+00         -1.2064715785032585E+00         -8.1459945319961524E-01          8.1459945319961513E-01          1.2064715785032585E+00
          5.2778756580308404E+00          3.1415926535897931E+00          2.1362830044410597E+00         -1.2059394826455581E+00         -8.1407629003578863E-01          8.1407629003578841E-01          1.2059394826455578E+00
          5.3092915845667381E+00          3.1415926535897931E+00          2.1676989309769570E+00         -1.2054176160546370E+00         -8.1356319883804940E-01          8.1356319883804951E-01          1.2054176160546375E+00
          5.3407075111026359E+00          3.1415926535897931E+00          2.1991148575128552E+00         -1.2049065102027783E+00         -8.1306070131045083E-01          8.1306070131045038E-01          1.2049065102027783E+00
          5.3721234376385336E+00          3.1415926535897931E+00          2.2305307840487529E+00         -1.2044066864206857E+00         -8.1256930914353109E-01          8.1256930914353132E-01          1.2044066864206857E+00
          5.4035393641744314E+00          3.1415926535897931E+00          2.2619467105846511E+00         -1.2039186553154386E+00         -8.1208952344638508E-01          8.1208952344638496E-01          1.2039186553154388E+00
          5.4349552907103291E+00          3.1415926535897931E+00          2.2933626371205489E+00         -1.2034429161970825E+00         -8.1162183418740430E-01          8.1162183418740408E-01          1.2034429161970825E+00
          5.4663712172462269E+00          3.1415926535897931E+00          2.3247785636564471E+00         -1.2029799565146937E+00         -8.1116671964449338E-01          8.1116671964449305E-01          1.2029799565146944E+00
          5.4977871437821246E+00          3.1415926535897931E+00          2.3561944901923448E+00         -1.2025302513027727E+00         -8.1072464586558302E-01          8.1072464586558335E-01          1.2025302513027727E+00
          5.5292030703180224E+00          3.1415926535897931E+00          2.3876104167282426E+00         -1.2020942626388134E+00         -8.1029606614024408E-01          8.1029606614024419E-01          1.2020942626388134E+00
          5.5606189968539201E+00          3.1415926535897931E+00          2.4190263432641408E+00         -1.2016724391128866E+00         -8.0988142048321676E-01          8.0988142048321654E-01          1.2016724391128863E+00
          5.5920349233898179E+00          3.1415926535897931E+00          2.4504422698000385E+00         -1.2012652153100818E+00         -8.0948113513064779E-01          8.0948113513064801E-01          1.2012652153100816E+00
          5.6234508499257156E+00          3.1415926535897931E+00          2.4818581963359367E+00         -1.2008730113066299E+00         -8.0909562204983365E-01          8.0909562204983354E-01          1.2008730113066299E+00
          5.6548667764616134E+00          3.1415926535897931E+00          2.5132741228718345E+00         -1.2004962321805279E+00         -8.0872527846324216E-01          8.0872527846324194E-01          1.2004962321805277E+00
          5.6862827029975112E+00          3.1415926535897931E+00          2.5446900494077327E+00         -1.2001352675374712E+00         -8.0837048638758635E-01          8.0837048638758646E-01          1.2001352675374719E+00
          5.7176986295334089E+00          3.1415926535897931E+00          2.5761059759436300E+00         -1.1997904910528852E+00         -8.0803161218869934E-01          8.0803161218869946E-01          1.1997904910528849E+00
          5.7491145560693067E+00          3.1415926535897931E+00          2.6075219024795282E+00         -1.1994622600308189E+00         -8.0770900615294272E-01          8.0770900615294261E-01          1.1994622600308185E+00
          5.7805304826052044E+00          3.1415926535897931E+00          2.6389378290154260E+00         -1.1991509149804691E+00         -8.0740300207586591E-01          8.0740300207586579E-01          1.1991509149804689E+00
          5.8119464091411022E+00          3.1415926535897931E+00          2.6703537555513241E+00         -1.1988567792110532E+00         -8.0711391686881140E-01          8.0711391686881095E-01          1.1988567792110534E+00
          5.8433623356769999E+00          3.1415926535897931E+00          2.7017696820872219E+00         -1.1985801584457429E+00         -8.0684205018413047E-01          8.0684205018413035E-01          1.1985801584457432E+00
          5.8747782622128977E+00          3.1415926535897931E+00          2.7331856086231201E+00         -1.1983213404553328E+00         -8.0658768405965597E-01          8.0658768405965564E-01          1.1983213404553332E+00
          5.9061941887487954E+00          3.1415926535897931E+00          2.7646015351590179E+00         -1.1980805947123039E+00         -8.0635108258305022E-01          8.0635108258305022E-01          1.1980805947123041E+00
          5.9376101152846932E+00          3.1415926535897931E+00          2.7960174616949161E+00         -1.1978581720658898E+00         -8.0613249157660904E-01          8.0613249157660882E-01          1.1978581720658898E+00
          5.9690260418205909E+00          3.1415926535897931E+00          2.8274333882308138E+00         -1.1976543044387453E+00         -8.0593213830308341E-01          8.0593213830308352E-01          1.1976543044387458E+00
          6.0004419683564887E+00          3.1415926535897931E+00          2.8588493147667120E+00         -1.1974692045457591E+00         -8.0575023119303291E-01          8.0575023119303313E-01          1.1974692045457591E+00
          6.0318578948923864E+00          3.1415926535897931E+00          2.8902652413026098E+00         -1.1973030656355266E+00         -8.0558695959420501E-01          8.0558695959420512E-01          1.1973030656355268E+00
          6.0632738214282842E+00          3.1415926535897931E+00          2.9216811678385080E+00         -1.1971560612549712E+00         -8.0544249354338304E-01          8.0544249354338304E-01          1.1971560612549714E+00
          6.0946897479641819E+00          3.1415926535897931E+00          2.9530970943744053E+00         -1.1970283450375310E+00         -8.0531698356111869E-01          8.0531698356111880E-01          1.1970283450375310E+00
          6.1261056745000797E+00          3.1415926535897931E+00          2.9845130209103035E+00         -1.1969200505153235E+00         -8.0521056046972161E-01          8.0521056046972184E-01          1.1969200505153235E+00
          6.1575216010359775E+00          3.1415926535897931E+00          3.0159289474462012E+00         -1.1968312909556302E+00         -8.0512333523483526E-01          8.0512333523483504E-01          1.1968312909556307E+00
          6.1889375275718752E+00          3.1415926535897931E+00          3.0473448739820994E+00         -1.1967621592220099E+00         -8.0505539883088895E-01          8.0505539883088928E-01          1.1967621592220099E+00
          6.2203534541077730E+00          3.1415926535897931E+00          3.0787608005179972E+00         -1.1967127276603038E+00         -8.0500682213067420E-01          8.0500682213067398E-01          1.1967127276603045E+00
          6.2517693806436707E+00          3.1415926535897931E+00          3.1101767270538954E+00         -1.1966830480097503E+00         -8.0497765581924940E-01          8.0497765581924885E-01          1.1966830480097503E+00
          6.2831853071795685E+00          3.1415926535897931E+00          3.1415926535897931E+00         -1.1966731513393691E+00         -8.0496793033232283E-01          8.0496793033232295E-01          1.1966731513393689E+00
          6.3276141365611522E+00          3.1101767270538954E+00          3.1101767270538954E+00         -1.1966832881313245E+00         -8.0497789173758116E-01          8.0497789173758061E-01          1.1966832881313243E+00
          6.3720429659427360E+00          3.0787608005179972E+00          3.0787608005179972E+00         -1.1967165685560452E+00         -8.0501059340869918E-01          8.0501059340869952E-01          1.1967165685560457E+00
          6.4164717953243198E+00          3.0473448739820994E+00          3.0473448739820994E+00         -1.1967815947857330E+00         -8.0507446208409805E-01          8.0507446208409839E-01          1.1967815947857328E+00
          6.4609006247059035E+00          3.0159289474462012E+00          3.0159289474462012E+00         -1.1968926764703069E+00         -8.0518345675208225E-01          8.0518345675208214E-01          1.1968926764703067E+00
          6.5053294540874873E+00          2.9845130209103035E+00          2.9845130209103035E+00         -1.1970697872605582E+00         -8.0535693980049450E-01          8.0535693980049439E-01          1.1970697872605578E+00
          6.5497582834690711E+00          2.9530970943744057E+00          2.9530970943744057E+00         -1.1973384989275375E+00         -8.0561949579326719E-01          8.0561949579326697E-01          1.1973384989275377E+00
          6.5941871128506548E+00          2.9216811678385075E+00          2.9216811678385075E+00         -1.1977298881424523E+00         -8.0600069736322588E-01          8.0600069736322566E-01          1.1977298881424523E+00
          6.6386159422322386E+00          2.8902652413026098E+00          2.8902652413026098E+00         -1.1982804097033279E+00         -8.0653481800926918E-01          8.0653481800926907E-01          1.1982804097033277E+00
          6.6830447716138224E+00          2.8588493147667116E+00          2.8588493147667116E+00         -1.1990317288535435E+00         -8.0726049218730211E-01          8.0726049218730245E-01          1.1990317288535435E+00
          6.7274736009954061E+00          2.8274333882308138E+00          2.8274333882308138E+00         -1.2000305044038568E+00         -8.0822032401505528E-01          8.0822032401505595E-01          1.2000305044038573E+00
          6.7719024303769899E+00          2.7960174616949161E+00          2.7960174616949161E+00         -1.2013281137358305E+00         -8.0946044716732712E-01          8.0946044716732668E-01          1.2013281137358303E+00
          6.8163312597585737E+00          2.7646015351590179E+00          2.7646015351590179E+00         -1.2029803105439343E+00         -8.1103004007690171E-01          8.1103004007690160E-01          1.2029803105439341E+00
          6.8607600891401574E+00          2.7331856086231201E+00          2.7331856086231201E+00         -1.2050468064965809E+00         -8.1298080228747449E-01          8.1298080228747427E-01          1.2050468064965809E+00
          6.9051889185217412E+00          2.7017696820872219E+00          2.7017696820872219E+00         -1.2075907690023586E+00         -8.1536639958874790E-01          8.1536639958874768E-01          1.2075907690023582E+00
          6.9496177479033250E+00          2.6703537555513241E+00          2.6703537555513241E+00         -1.2106782290901019E+00         -8.1824188721543922E-01          8.1824188721543956E-01          1.2106782290901019E+00
          6.9940465772849088E+00          2.6389378290154264E+00          2.6389378290154264E+00         -1.2143773961561934E+00         -8.2166312169483835E-01          8.2166312169483857E-01          1.2143773961561932E+00
          7.0384754066664925E+00          2.6075219024795282E+00          2.6075219024795282E+00         -1.2187578800504266E+00         -8.2568617265930355E-01          8.2568617265930366E-01          1.2187578800504271E+00
          7.0829042360480763E+00          2.5761059759436304E+00          2.5761059759436304E+00         -1.2238898256270698E+00         -8.3036674590836201E-01          8.3036674590836235E-01          1.2238898256270700E+00
          7.1273330654296601E+00          2.5446900494077322E+00          2.5446900494077322E+00         -1.2298429703271825E+00         -8.3575962809058590E-01          8.3575962809058579E-01          1.2298429703271829E+00
          7.1717618948112438E+00          2.5132741228718345E+00          2.5132741228718345E+00         -1.2366856412884117E+00         -8.4191816157367572E-01          8.4191816157367572E-01          1.2366856412884117E+00
          7.2161907241928276E+00          2.4818581963359367E+00          2.4818581963359367E+00         -1.2444837144602241E+00         -8.4889375552255408E-01          8.4889375552255397E-01          1.2444837144602243E+00
          7.2606195535744114E+00          2.4504422698000385E+00          2.4504422698000385E+00         -1.2532995636705762E+00         -8.5673543620117432E-01          8.5673543620117432E-01          1.2532995636705762E+00
          7.3050483829559951E+00          2.4190263432641408E+00          2.4190263432641408E+00         -1.2631910319044151E+00         -8.6548943646988652E-01          8.6548943646988663E-01          1.2631910319044151E+00
          7.3494772123375789E+00          2.3876104167282426E+00          2.3876104167282426E+00         -1.2742104595822359E+00         -8.7519882184443243E-01          8.7519882184443232E-01          1.2742104595822350E+00
          7.3939060417191627E+00          2.3561944901923448E+00          2.3561944901923448E+00         -1.2864038048457758E+00         -8.8590314876472998E-01          8.8590314876472964E-01          1.2864038048457755E+00
          7.4383348711007464E+00          2.3247785636564471E+00          2.3247785636564471E+00         -1.2998098884616494E+00         -8.9763815021337168E-01          8.9763815021337190E-01          1.2998098884616496E+00
          7.4827637004823302E+00          2.2933626371205489E+00          2.2933626371205489E+00         -1.3144597909364168E+00         -9.1043544463445614E-01          9.1043544463445547E-01          1.3144597909364166E+00
          7.5271925298639140E+00          2.2619467105846507E+00          2.2619467105846507E+00         -1.3303764221307828E+00         -9.2432226608674595E-01          9.2432226608674684E-01          1.3303764221307828E+00
          7.5716213592454977E+00          2.2305307840487529E+00          2.2305307840487529E+00         -1.3475742747124786E+00         -9.3932121633402055E-01          9.3932121633401933E-01          1.3475742747124779E+00
          7.6160501886270815E+00          2.1991148575128552E+00          2.1991148575128552E+00         -1.3660593630700735E+00         -9.5545004257583033E-01          9.5545004257583122E-01          1.3660593630700739E+00
          7.6604790180086653E+00          2.1676989309769574E+00          2.1676989309769574E+00         -1.3858293397889965E+00         -9.7272144714918263E-01          9.7272144714918252E-01          1.3858293397889969E+00
          7.7049078473902490E+00          2.1362830044410592E+00          2.1362830044410592E+00         -1.4068737733731480E+00         -9.9114293725919023E-01          9.9114293725919045E-01          1.4068737733731485E+00
          7.7493366767718328E+00          2.1048670779051610E+00          2.1048670779051610E+00         -1.4291745642936708E+00         -1.0107167232823748E+00          1.0107167232823753E+00          1.4291745642936706E+00
          7.7937655061534166E+00          2.0734511513692633E+00          2.0734511513692633E+00         -1.4527064720909313E+00         -1.0314396733314475E+00          1.0314396733314468E+00          1.4527064720909308E+00
          7.8381943355350003E+00          2.0420352248333655E+00          2.0420352248333655E+00         -1.4774377242638015E+00         -1.0533033297194769E+00          1.0533033297194765E+00          1.4774377242638013E+00
          7.8826231649165841E+00          2.0106192982974678E+00          2.0106192982974678E+00         -1.5033306778854318E+00         -1.0762939900498876E+00          1.0762939900498871E+00          1.5033306778854321E+00
          7.9270519942981679E+00          1.9792033717615696E+00          1.9792033717615696E+00         -1.5303425069072554E+00         -1.1003928523276034E+00          1.1003928523276032E+00          1.5303425069072560E+00
          7.9714808236797516E+00          1.9477874452256718E+00          1.9477874452256718E+00         -1.5584258914527023E+00         -1.1255762201896942E+00          1.1255762201896944E+00          1.5584258914527027E+00
          8.0159096530613354E+00          1.9163715186897738E+00          1.9163715186897738E+00         -1.5875296895282140E+00         -1.1518157614788351E+00          1.1518157614788356E+00          1.5875296895282143E+00
          8.0603384824429192E+00          1.8849555921538759E+00          1.8849555921538759E+00         -1.6175995760035935E+00         -1.1790788112011006E+00          1.1790788112011004E+00          1.6175995760035937E+00
          8.1047673118245029E+00          1.8535396656179781E+00          1.8535396656179781E+00         -1.6485786380387235E+00         -1.2073287085573672E+00          1.2073287085573681E+00          1.6485786380387237E+00
          8.1491961412060867E+00          1.8221237390820801E+00          1.8221237390820801E+00         -1.6804079200728508E+00         -1.2365251572248508E+00          1.2365251572248521E+00          1.6804079200728506E+00
          8.1936249705876705E+00          1.7907078125461822E+00          1.7907078125461822E+00         -1.7130269148711672E+00         -1.2666245983034454E+00          1.2666245983034452E+00          1.7130269148711674E+00
          8.2380537999692542E+00          1.7592918860102842E+00          1.7592918860102842E+00         -1.7463739998632761E+00         -1.2975805861787257E+00          1.2975805861787246E+00          1.7463739998632757E+00
          8.2824826293508380E+00          1.7278759594743862E+00          1.7278759594743862E+00         -1.7803868201061808E+00         -1.3293441588099499E+00          1.3293441588099510E+00          1.7803868201061805E+00
          8.3269114587324218E+00          1.6964600329384882E+00          1.6964600329384882E+00         -1.8150026207088752E+00         -1.3618641954485118E+00          1.3618641954485124E+00          1.8150026207088750E+00
          8.3713402881140055E+00          1.6650441064025905E+00          1.6650441064025905E+00         -1.8501585325447880E+00         -1.3950877563725868E+00          1.3950877563725865E+00          1.8501585325447882E+00
          8.4157691174955893E+00          1.6336281798666925E+00          1.6336281798666925E+00         -1.8857918156434919E+00         -1.4289604007623329E+00          1.4289604007623333E+00          1.8857918156434921E+00
          8.4601979468771731E+00          1.6022122533307945E+00          1.6022122533307945E+00         -1.9218400648862173E+00         -1.4634264802476924E+00          1.4634264802476928E+00          1.9218400648862173E+00
          8.5046267762587568E+00          1.5707963267948966E+00          1.5707963267948966E+00         -1.9582413826155938E+00         -1.4984294068830097E+00          1.4984294068830095E+00          1.9582413826155944E+00
          8.5490556056403406E+00          1.5393804002589986E+00          1.5393804002589986E+00         -1.9949345225820827E+00         -1.5339118953134205E+00          1.5339118953134201E+00          1.9949345225820818E+00
          8.5934844350219244E+00          1.5079644737231006E+00          1.5079644737231006E+00         -2.0318590093479934E+00         -1.5698161796938110E+00          1.5698161796938108E+00          2.0318590093479925E+00
          8.6379132644035082E+00          1.4765485471872026E+00          1.4765485471872026E+00         -2.0689552369023025E+00         -1.6060842065145717E+00          1.6060842065145708E+00          2.0689552369023025E+00
          8.6823420937850919E+00          1.4451326206513047E+00          1.4451326206513047E+00         -2.1061645498414006E+00         -1.6426578049014546E+00          1.6426578049014562E+00          2.1061645498414006E+00
          8.7267709231666757E+00          1.4137166941154067E+00          1.4137166941154067E+00         -2.1434293100681332E+00         -1.6794788362167188E+00          1.6794788362167181E+00          2.1434293100681336E+00
          8.7711997525482595E+00          1.3823007675795087E+00          1.3823007675795087E+00         -2.1806929515717233E+00         -1.7164893249236879E+00          1.7164893249236877E+00          2.1806929515717237E+00
          8.8156285819298432E+00          1.3508848410436112E+00          1.3508848410436112E+00         -2.2179000254856436E+00         -1.7536315727145066E+00          1.7536315727145073E+00          2.2179000254856436E+00
          8.8600574113114270E+00          1.3194689145077132E+00          1.3194689145077132E+00         -2.2549962372855963E+00         -1.7908482578653129E+00          1.7908482578653122E+00          2.2549962372855958E+00
          8.9044862406930108E+00          1.2880529879718152E+00          1.2880529879718152E+00         -2.2919284776884998E+00         -1.8280825216961101E+00          1.8280825216961105E+00          2.2919284776884998E+00
          8.9489150700745945E+00          1.2566370614359172E+00          1.2566370614359172E+00         -2.3286448485462556E+00         -1.8652780438915002E+00          1.8652780438915004E+00          2.3286448485462556E+00
          8.9933438994561783E+00          1.2252211349000193E+00          1.2252211349000193E+00         -2.3650946847938350E+00         -1.9023791082972383E+00          1.9023791082972390E+00          2.3650946847938354E+00
          9.0377727288377621E+00          1.1938052083641213E+00          1.1938052083641213E+00         -2.4012285733079555E+00         -1.9393306606573346E+00          1.9393306606573353E+00          2.4012285733079550E+00
          9.0822015582193458E+00          1.1623892818282235E+00          1.1623892818282235E+00         -2.4369983693573745E+00         -1.9760783596049458E+00          1.9760783596049463E+00          2.4369983693573749E+00
          9.1266303876009296E+00          1.1309733552923253E+00          1.1309733552923253E+00         -2.4723572111758858E+00         -2.0125686220735304E+00          2.0125686220735304E+00          2.4723572111758854E+00
          9.1710592169825134E+00          1.0995574287564276E+00          1.0995574287564276E+00         -2.5072595330613683E+00         -2.0487486641563866E+00          2.0487486641563870E+00          2.5072595330613683E+00
          9.2154880463640971E+00          1.0681415022205294E+00          1.0681415022205294E+00         -2.5416610772960304E+00         -2.0845665383152352E+00          2.0845665383152348E+00          2.5416610772960300E+00
          9.2599168757456809E+00          1.0367255756846316E+00          1.0367255756846316E+00         -2.5755189050915290E+00         -2.1199711677230852E+00          2.1199711677230866E+00          2.5755189050915299E+00
          9.3043457051272647E+00          1.0053096491487334E+00          1.0053096491487334E+00         -2.6087914066858171E+00         -2.1549123784237354E+00          2.1549123784237350E+00          2.6087914066858180E+00
          9.3487745345088467E+00          9.7389372261283613E-01          9.7389372261283613E-01         -2.6414383106541748E+00         -2.1893409298995290E+00          2.1893409298995299E+00          2.6414383106541734E+00
          9.3932033638904304E+00          9.4247779607693793E-01          9.4247779607693793E-01         -2.6734206924432278E+00         -2.2232085445599590E+00          2.2232085445599576E+00          2.6734206924432287E+00
          9.4376321932720142E+00          9.1106186954104018E-01          9.1106186954104018E-01         -2.7047009820924321E+00         -2.2564679365950604E+00          2.2564679365950617E+00          2.7047009820924321E+00
          9.4820610226535980E+00          8.7964594300514198E-01          8.7964594300514198E-01         -2.7352429710713237E+00         -2.2890728405786795E+00          2.2890728405786795E+00          2.7352429710713237E+00
          9.5264898520351817E+00          8.4823001646924423E-01          8.4823001646924423E-01         -2.7650118181318608E+00         -2.3209780401555231E+00          2.3209780401555240E+00          2.7650118181318608E+00
          9.5709186814167655E+00          8.1681408993334603E-01          8.1681408993334603E-01         -2.7939740540528342E+00         -2.3521393971020301E+00          2.3521393971020292E+00          2.7939740540528346E+00
          9.6153475107983493E+00          7.8539816339744828E-01          7.8539816339744828E-01         -2.8220975851370640E+00         -2.3825138810121471E+00          2.3825138810121484E+00          2.8220975851370653E+00
          9.6597763401799330E+00          7.5398223686155053E-01          7.5398223686155053E-01         -2.8493516953118232E+00         -2.4120595998245631E+00          2.4120595998245626E+00          2.8493516953118259E+00
          9.7042051695615168E+00          7.2256631032565233E-01          7.2256631032565233E-01         -2.8757070466783836E+00         -2.4407358313756808E+00          2.4407358313756786E+00          2.8757070466783832E+00
          9.7486339989431006E+00          6.9115038378975457E-01          6.9115038378975457E-01         -2.9011356783580307E+00         -2.4685030561320103E+00          2.4685030561320107E+00          2.9011356783580289E+00
          9.7930628283246843E+00          6.5973445725385638E-01          6.5973445725385638E-01         -2.9256110034893621E+00         -2.4953229912246964E+00          2.4953229912246964E+00          2.9256110034893625E+00
          9.8374916577062681E+00          6.2831853071795862E-01          6.2831853071795862E-01         -2.9491078042454495E+00         -2.5211586258770740E+00          2.5211586258770748E+00          2.9491078042454508E+00
          9.8819204870878519E+00          5.9690260418206043E-01          5.9690260418206043E-01         -2.9716022247597937E+00         -2.5459742582819538E+00          2.5459742582819542E+00          2.9716022247597924E+00
          9.9263493164694339E+00          5.6548667764616312E-01          5.6548667764616312E-01         -2.9930717618770188E+00         -2.5697355339479691E+00          2.5697355339479695E+00          2.9930717618770193E+00
          9.9707781458510176E+00          5.3407075111026492E-01          5.3407075111026492E-01         -3.0134952536781774E+00         -2.5924094854932820E+00          2.5924094854932811E+00          3.0134952536781761E+00
          1.0015206975232601E+01          5.0265482457436717E-01          5.0265482457436717E-01         -3.0328528657711016E+00         -2.6139645738195094E+00          2.6139645738195090E+00          3.0328528657711002E+00
          1.0059635804614185E+01          4.7123889803846897E-01          4.7123889803846897E-01         -3.0511260753833147E+00         -2.6343707305490773E+00          2.6343707305490773E+00          3.0511260753833160E+00
          1.0104064633995769E+01          4.3982297150257121E-01          4.3982297150257121E-01         -3.0682976533478032E+00         -2.6535994015553550E+00          2.6535994015553550E+00          3.0682976533478032E+00
          1.0148493463377353E+01          4.0840704496667302E-01          4.0840704496667302E-01         -3.0843516441295060E+00         -2.6716235913578128E+00          2.6716235913578124E+00          3.0843516441295056E+00
          1.0192922292758936E+01          3.7699111843077526E-01          3.7699111843077526E-01         -3.0992733441014333E+00         -2.6884179080949977E+00          2.6884179080949986E+00          3.0992733441014342E+00
          1.0237351122140520E+01          3.4557519189487707E-01          3.4557519189487707E-01         -3.1130492783417689E+00         -2.7039586087281084E+00          2.7039586087281076E+00          3.1130492783417676E+00
          1.0281779951522104E+01          3.1415926535897931E-01          3.1415926535897931E-01         -3.1256671762851931E+00         -2.7182236440692984E+00          2.7182236440692993E+00          3.1256671762851931E+00
          1.0326208780903688E+01          2.8274333882308111E-01          2.8274333882308111E-01         -3.1371159466202814E+00         -2.7311927031741865E+00          2.7311927031741869E+00          3.1371159466202818E+00
          1.0370637610285272E+01          2.5132741228718336E-01          2.5132741228718336E-01         -3.1473856518772476E+00         -2.7428472565898048E+00          2.7428472565898057E+00          3.1473856518772481E+00
          1.0415066439666855E+01          2.1991148575128516E-01          2.1991148575128516E-01         -3.1564674831937700E+00         -2.7531705979106738E+00          2.7531705979106733E+00          3.1564674831937705E+00
          1.0459495269048437E+01          1.8849555921538785E-01          1.8849555921538785E-01         -3.1643537357779103E+00         -2.7621478830692823E+00          2.7621478830692818E+00          3.1643537357779099E+00
          1.0503924098430021E+01          1.5707963267948966E-01          1.5707963267948966E-01         -3.1710377856038852E+00         -2.7697661667759124E+00          2.7697661667759119E+00          3.1710377856038852E+00
          1.0548352927811605E+01          1.2566370614359190E-01          1.2566370614359190E-01         -3.1765140678761861E+00         -2.7760144355284102E+00          2.7760144355284089E+00          3.1765140678761847E+00
          1.0592781757193189E+01          9.4247779607693705E-02          9.4247779607693705E-02         -3.1807780577789115E+00         -2.7808836366367946E+00          2.7808836366367951E+00          3.1807780577789111E+00
          1.0637210586574772E+01          6.2831853071795951E-02          6.2831853071795951E-02         -3.1838262539895110E+00         -2.7843667027509800E+00          2.7843667027509800E+00          3.1838262539895106E+00
          1.0681639415956356E+01          3.1415926535897754E-02          3.1415926535897754E-02         -3.1856561653797533E+00         -2.7864585714420733E+00          2.7864585714420724E+00          3.1856561653797542E+00
          1.0726068245337940E+01          0.0000000000000000E+00          0.0000000000000000E+00         -3.1862663012531547E+00         -2.7871561994672041E+00          2.7871561994672041E+00          3.1862663012531551E+00
